<?xml version="1.0"?>
<opencv_storage>
<calibration_Time>"Wed Jul 24 14:48:35 2013"</calibration_Time>
<nrOfFrames>30</nrOfFrames>
<image_Width>376</image_Width>
<image_Height>240</image_Height>
<board_Width>4</board_Width>
<board_Height>4</board_Height>
<square_Size>39.</square_Size>
<FixAspectRatio>1.</FixAspectRatio>
<!-- flags:  +fix_aspectRatio +fix_principal_point +zero_tangent_dist -->
<flagValue>14</flagValue>
<Camera_Matrix type_id="opencv-matrix">
  <rows>3</rows>
  <cols>3</cols>
  <dt>d</dt>
  <data>
    1.4915213314825357e+02 0. 1.8750000000000000e+02 0.
    1.4915213314825357e+02 1.1950000000000000e+02 0. 0. 1.</data></Camera_Matrix>
<Distortion_Coefficients type_id="opencv-matrix">
  <rows>5</rows>
  <cols>1</cols>
  <dt>d</dt>
  <data>
    -1.8187480025327782e-01 1.9682225805095759e-02 0. 0.
    -7.1414945908552878e-04</data></Distortion_Coefficients>
<Avg_Reprojection_Error>3.3825807049357191e+00</Avg_Reprojection_Error>
<Per_View_Reprojection_Errors type_id="opencv-matrix">
  <rows>30</rows>
  <cols>1</cols>
  <dt>f</dt>
  <data>
    1.47159189e-01 6.33982754e+00 3.88569546e+00 3.48704457e+00
    4.47465944e+00 3.39692712e+00 1.03812076e-01 3.58730650e+00
    2.26116359e-01 3.64079571e+00 1.27422825e-01 3.34509611e+00
    5.53371191e+00 3.13517761e+00 4.11549282e+00 1.86263219e-01
    5.20085001e+00 9.87210497e-02 9.49864611e-02 3.36900687e+00
    4.40250540e+00 4.76182270e+00 5.17606831e+00 1.84300855e-01
    6.59605503e-01 2.99136567e+00 3.72732377e+00 4.27348900e+00
    1.06242850e-01 7.44764566e-01</data></Per_View_Reprojection_Errors>
<!-- a set of 6-tuples (rotation vector + translation vector) for each view -->
<Extrinsic_Parameters type_id="opencv-matrix">
  <rows>30</rows>
  <cols>6</cols>
  <dt>d</dt>
  <data>
    -2.3928281085123949e-02 -1.3833224656812845e-01
    7.9259437841365118e-02 -1.4289608940005448e+02
    8.4849713422956938e+01 3.4727215353325255e+02 2.4304039562428500e-01
    -1.0669044968414025e+00 5.1739611429832444e-01
    -3.7773393758772471e+02 9.1001314694031223e+01
    2.4132955050715964e+02 1.4557593428725837e-01
    -5.0798772459272050e-02 2.2855733335610134e-03
    -3.3903175931414955e+02 -6.0086265112973415e+01
    3.6699733293276751e+02 1.0853934305013600e-01
    -1.2364056643142715e-01 1.5608597720336035e+00
    -2.0581450160533808e+02 -5.3477000373996724e+01
    3.7191959371844274e+02 2.3296665202504788e-01
    -4.9189983980854023e-02 -1.3677891493289285e-02
    -4.1936151983341966e+02 -5.8447232574351091e+01
    3.3154470811756227e+02 -1.0583444775252279e-01
    -6.8823972528781185e-01 2.4774647853224874e-01
    -2.9876896901142459e+02 1.2200764419665012e+02
    2.8548296358721825e+02 9.1529042905345304e-02 5.0105355294768110e-02
    -4.2781730495899352e-03 -6.0053134019048855e+01
    -9.4981253813201562e+01 3.9141632889986232e+02
    1.7631648710686348e-01 -2.3832556740697339e-01
    -7.5731512046107965e-02 2.3002496951981433e+02
    -1.2180116718920272e+02 3.4567537270816536e+02
    7.6516423823649565e-02 1.7118406623357613e-01 1.2990176297807576e-02
    5.3943825271044787e+01 -1.5261696725944574e+02
    2.8475670109864421e+02 2.8617739613612976e-03 3.3819358134422252e-02
    1.0933181775088669e-02 -4.2545845304493554e+02
    -1.4693053470573476e+01 3.6058310117365642e+02
    7.4101207221943743e-02 4.8359029205588086e-02
    -1.3963134740786622e-02 -7.9709555160393549e+01
    -7.8579430004005530e+01 3.9411898397094632e+02
    3.6043891924447416e-02 8.2857243186886267e-02
    -2.9728622219138402e-02 -4.1380226258802116e+02
    1.7288293250347966e-01 3.3404981186369798e+02 2.1665531637313812e-01
    -8.2442367937457267e-02 1.2323349885961211e-01
    -4.9818154247847320e+02 4.2133107721468555e+01
    3.9497214077181252e+02 3.1641509115499906e-02 3.2696547262570416e-02
    -1.9567815309481602e-02 -2.9651502943465835e+02
    -5.3629538670972693e+01 3.8884955410239780e+02
    1.3256929480511104e-02 -5.9700921368155191e-01
    3.1024605199413169e-01 -3.1190598109503458e+02
    1.1231040517233147e+02 2.7534475844984496e+02 4.6818907039092514e-02
    -9.7977113370855018e-02 -1.3528058907568604e-02
    -2.4747991664561931e+02 -5.8547908307286953e+01
    3.8641948225143233e+02 1.2255308497217622e-01
    -6.7913964298430285e-01 3.7694409082407737e-01
    -3.3541343603085181e+02 9.5765530984289299e+01
    2.3234217039443271e+02 6.7832883784995593e-02 1.6948671560688276e-02
    -7.9450620721587574e-03 -1.2809023219585987e+02
    -6.8132595053059035e+01 3.9111639373841558e+02
    8.8982583157833681e-02 -1.7324404958906730e-02
    3.6934551336852031e-03 -8.8192075018382837e+01
    -1.0211933442378670e+02 3.8694931437462344e+02
    5.4584400476716954e-01 3.9070058657888801e-01
    -1.2480342099805164e-01 2.3959943505653274e+02
    -1.6064110028989964e+02 2.8298237600007218e+02
    5.5393884748939921e-02 -1.8784820049857626e-01
    -3.1560968441648754e-02 1.6799758759866825e+02
    -5.8681185448352196e+01 3.7523435954138029e+02
    -2.2851472215906200e-02 -6.1229864950301061e-01
    2.5268230541855347e-01 -3.4152216072852491e+02
    1.1437831159953872e+02 2.7704211565324511e+02 2.7161833655575651e-01
    -9.3742049998119403e-01 4.2541234732695515e-01
    -4.2010076128837954e+02 1.1858416689446689e+02
    2.0671934018020960e+02 2.4503007774662106e-02
    -4.5239384553277334e-02 7.8844187462215720e-02
    -1.2669313120131255e+01 6.2613136931489748e+01
    3.5499199837030289e+02 -1.7299527151997199e-01
    -2.2551873973186498e-01 1.1999855468488196e-01
    -1.9633435769665866e+02 1.3338046264250988e+02
    3.3583257759342831e+02 8.6183190138348253e-01 5.0056667932338850e-01
    -2.9980014175378905e-01 1.8531208041225804e+02
    -1.6360257457101463e+02 2.0769737578689532e+02
    9.5997483022247782e-02 -5.7915944871963748e-02
    1.7853524558518890e-02 -4.3170167313764921e+02
    -2.6586126461893695e+01 3.5440177696146935e+02
    1.7346152163244852e-01 2.0698920770725999e-03 1.5459759314747108e+00
    -2.7514025106449765e+02 -6.0685308289649754e+01
    3.5931312199553111e+02 7.7267651640788720e-02
    -2.6228323687383228e-02 3.4838753772204376e-03
    -9.0292044040066088e+01 -1.0118444453285437e+02
    3.8775357580115565e+02 -2.1226300690266928e-01
    -2.8883426245230748e-01 1.3234825454732577e-01
    -2.3630438213307167e+02 1.3273734976923487e+02
    3.2217915672252172e+02</data></Extrinsic_Parameters>
