<?xml version="1.0"?>
<opencv_storage>
<calibration_Time>"Thu Jul 25 14:24:42 2013"</calibration_Time>
<nrOfFrames>13</nrOfFrames>
<image_Width>376</image_Width>
<image_Height>240</image_Height>
<board_Width>4</board_Width>
<board_Height>4</board_Height>
<square_Size>39.</square_Size>
<FixAspectRatio>1.</FixAspectRatio>
<!-- flags:  +fix_aspectRatio +fix_principal_point +zero_tangent_dist -->
<flagValue>14</flagValue>
<Camera_Matrix type_id="opencv-matrix">
  <rows>3</rows>
  <cols>3</cols>
  <dt>d</dt>
  <data>
    2.2311561106453223e+02 0. 1.8750000000000000e+02 0.
    2.2311561106453223e+02 1.1950000000000000e+02 0. 0. 1.</data></Camera_Matrix>
<Distortion_Coefficients type_id="opencv-matrix">
  <rows>5</rows>
  <cols>1</cols>
  <dt>d</dt>
  <data>
    -2.7524613696138406e-01 4.8993788547662551e-02 0. 0.
    2.3986995128329434e-02</data></Distortion_Coefficients>
<Avg_Reprojection_Error>9.9001787046984724e-01</Avg_Reprojection_Error>
<Per_View_Reprojection_Errors type_id="opencv-matrix">
  <rows>13</rows>
  <cols>1</cols>
  <dt>f</dt>
  <data>
    3.03599566e-01 1.71998963e-01 2.21233562e-01 4.71880943e-01
    1.67507425e-01 1.68978229e-01 2.07830501e+00 2.50838310e-01
    2.06147656e-01 1.40924007e-01 2.08193645e-01 1.41839564e-01
    2.78992558e+00</data></Per_View_Reprojection_Errors>
<!-- a set of 6-tuples (rotation vector + translation vector) for each view -->
<Extrinsic_Parameters type_id="opencv-matrix">
  <rows>13</rows>
  <cols>6</cols>
  <dt>d</dt>
  <data>
    3.8109917556345307e-01 7.9110247344598617e-01 1.1005357506451587e+00
    2.3948460981136273e+02 -6.8044534769824745e+00
    3.2664396932962012e+02 5.1258038565488040e-01 2.0105226574250809e-01
    1.4134607562361858e+00 1.5230449209940343e+02
    -1.3534233540430753e+02 4.0001892194589044e+02
    7.5444940511419223e-01 3.4052687284894972e-01 1.3509516435463547e+00
    1.6505220018107477e+02 -1.3613193285611516e+02
    3.5302059551958894e+02 -6.6859535681170434e-01
    5.9180246816703097e-01 9.9570712874239864e-01 1.9252690984319120e+01
    2.5583944269306322e+01 4.3875673555080010e+02 4.7799146341792947e-01
    7.6610392343029621e-01 1.1491833877002628e+00 2.3425171282660730e+02
    -1.6091774783151415e+01 3.2579653414095208e+02
    4.3766373630114552e-01 7.7315889327174392e-01 1.2044442158109707e+00
    2.1200126977815088e+02 -1.1575608051308377e+01
    3.3537645429116401e+02 -1.2528447129544142e+00
    6.2192497596855544e-02 -1.9893169960571375e-01
    9.0422583330112953e+00 1.7265482014659529e+01 2.3311621873348085e+02
    -9.7254967942223672e-02 6.6414056187474324e-01
    1.0064835285925713e+00 2.4573959684262192e+02
    -3.5887412992070921e+01 3.5916743922851060e+02
    8.9930475071967142e-01 4.0579285241885138e-01 1.2918050093349509e+00
    1.9367564881833735e+02 -1.6292055610155714e+02
    3.1459513612684083e+02 4.5471264542523643e-01 7.7450505186339180e-01
    1.1779050057340648e+00 2.2548409848007833e+02
    -1.1047625506203577e+01 3.2954010958165833e+02
    6.0325079121169400e-01 6.9095080719034463e-01 1.2989413795133544e+00
    2.0331422740497578e+02 -8.1353303771256861e+01
    3.2257098845927095e+02 1.3271591372791797e-02 7.2135744852184192e-01
    9.9439671468131974e-01 2.3219449513599474e+02
    -4.1758471800572558e+01 3.5662272660681310e+02
    -1.0247821240788362e+00 8.6841921241032030e-02
    -4.2470153535488847e-01 -5.0094335161175572e+01
    -1.1792335518207331e+00 3.3235468750543617e+02</data></Extrinsic_Parameters>
<Image_points type_id="opencv-matrix">
  <rows>13</rows>
  <cols>16</cols>
  <dt>"2f"</dt>
  <data>
    3.29789093e+02 1.15314102e+02 3.38586243e+02 1.36569260e+02
    3.46448486e+02 1.58709778e+02 3.53817657e+02 1.81214050e+02
    3.10763916e+02 1.25076492e+02 3.18662079e+02 1.45845032e+02
    3.26151062e+02 1.67266129e+02 3.32727936e+02 1.89014359e+02
    2.92238525e+02 1.34005142e+02 2.99528717e+02 1.54290833e+02
    3.06263031e+02 1.75000076e+02 3.12345642e+02 1.96026978e+02
    2.74164825e+02 1.42306213e+02 2.81218689e+02 1.61719330e+02
    2.87377563e+02 1.81751175e+02 2.93081451e+02 2.01951141e+02
    2.66529541e+02 4.91822472e+01 2.69573059e+02 6.89887619e+01
    2.72144043e+02 8.89283371e+01 2.74401794e+02 1.08559105e+02
    2.47434509e+02 5.21400795e+01 2.50447281e+02 7.14857407e+01
    2.53116074e+02 9.09389114e+01 2.55406952e+02 1.10244095e+02
    2.28617905e+02 5.51585579e+01 2.31713470e+02 7.41420822e+01
    2.34501419e+02 9.30433350e+01 2.36837692e+02 1.11971756e+02
    2.10496292e+02 5.82255783e+01 2.13785522e+02 7.66520309e+01
    2.16604385e+02 9.51331711e+01 2.19113144e+02 1.13470100e+02
    2.82022949e+02 4.15310593e+01 2.86259735e+02 6.31760483e+01
    2.89558990e+02 8.48884048e+01 2.92543854e+02 1.06055260e+02
    2.62328766e+02 4.53976402e+01 2.66434937e+02 6.62201614e+01
    2.70078247e+02 8.68594208e+01 2.73129089e+02 1.07350250e+02
    2.43580170e+02 4.93055687e+01 2.47809616e+02 6.92226028e+01
    2.51424591e+02 8.90805740e+01 2.54500443e+02 1.08679474e+02
    2.25742615e+02 5.31574440e+01 2.30370621e+02 7.21667938e+01
    2.34014633e+02 9.11304321e+01 2.37318848e+02 1.09853966e+02
    1.97286530e+02 1.32405029e+02 2.07022659e+02 1.44986984e+02
    2.17573273e+02 1.58665390e+02 2.29490952e+02 1.74405334e+02
    1.79421997e+02 1.40381790e+02 1.88171829e+02 1.54208817e+02
    1.97704880e+02 1.69142960e+02 2.08618347e+02 1.85515625e+02
    1.60911789e+02 1.48953003e+02 1.68582458e+02 1.63297318e+02
    1.77056595e+02 1.78809341e+02 1.86701797e+02 1.96251297e+02
    1.41602921e+02 1.55591476e+02 1.48598907e+02 1.72110840e+02
    1.55869186e+02 1.88516388e+02 1.64245880e+02 2.06811035e+02
    3.27571198e+02 1.09787819e+02 3.35045990e+02 1.31859406e+02
    3.41486603e+02 1.54559021e+02 3.47383148e+02 1.77275482e+02
    3.08283661e+02 1.18219254e+02 3.14949493e+02 1.39481964e+02
    3.21139618e+02 1.61244797e+02 3.26382080e+02 1.83108398e+02
    2.89521210e+02 1.25766632e+02 2.95771271e+02 1.46330170e+02
    3.01357574e+02 1.67200668e+02 3.06307648e+02 1.88309036e+02
    2.71545227e+02 1.32732986e+02 2.77668549e+02 1.52394043e+02
    2.82801025e+02 1.72501648e+02 2.87455688e+02 1.92525208e+02
    3.14202393e+02 1.12542580e+02 3.20552979e+02 1.34879440e+02
    3.25997925e+02 1.57892914e+02 3.30955109e+02 1.81096512e+02
    2.94517059e+02 1.20126877e+02 3.00117859e+02 1.41575195e+02
    3.05251923e+02 1.63645706e+02 3.09557129e+02 1.85988922e+02
    2.75540222e+02 1.26811394e+02 2.80693359e+02 1.47632050e+02
    2.85236847e+02 1.68750259e+02 2.89231812e+02 1.90239029e+02
    2.57346100e+02 1.32926193e+02 2.62443237e+02 1.52873993e+02
    2.66590027e+02 1.73295364e+02 2.70231781e+02 1.93652878e+02
    1.96340912e+02 1.33666687e+02 2.32204773e+02 1.29302292e+02
    2.66023438e+02 1.23177628e+02 2.88670746e+02 1.12461441e+02
    2.03182770e+02 1.53004105e+02 2.45151688e+02 1.44615540e+02
    2.82760132e+02 1.36257706e+02 3.15049652e+02 1.27630646e+02
    2.12412704e+02 1.75137894e+02 2.61888214e+02 1.64278214e+02
    3.04698700e+02 1.53311890e+02 3.39769318e+02 1.40756729e+02
    2.25749451e+02 2.08031830e+02 2.85430450e+02 1.91635727e+02
    3.33525085e+02 1.75698929e+02 3.73619263e+02 1.60253601e+02
    3.22306946e+02 9.97602692e+01 3.35272064e+02 1.15725182e+02
    3.48378693e+02 1.32550919e+02 3.61312378e+02 1.50618622e+02
    3.06207428e+02 1.11616859e+02 3.18545624e+02 1.28196396e+02
    3.31269836e+02 1.45703247e+02 3.43806091e+02 1.64211777e+02
    2.89135559e+02 1.23428978e+02 3.01084930e+02 1.40547302e+02
    3.13214111e+02 1.58554947e+02 3.25399597e+02 1.77462692e+02
    2.71366302e+02 1.34883789e+02 2.82695190e+02 1.52748947e+02
    2.94367889e+02 1.71177658e+02 3.05830963e+02 1.90564819e+02
    3.04204498e+02 2.12968121e+01 3.09726471e+02 4.37678566e+01
    3.14247192e+02 6.64736252e+01 3.18203674e+02 8.85542450e+01
    2.84351990e+02 2.62959671e+01 2.89737946e+02 4.76484756e+01
    2.94463074e+02 6.90826874e+01 2.98397583e+02 9.03076019e+01
    2.65610229e+02 3.11372223e+01 2.71028198e+02 5.14949799e+01
