<?xml version="1.0"?>
<opencv_storage>
<calibration_Time>"Tue Jul 23 16:55:21 2013"</calibration_Time>
<nrOfFrames>19</nrOfFrames>
<image_Width>376</image_Width>
<image_Height>240</image_Height>
<board_Width>4</board_Width>
<board_Height>4</board_Height>
<square_Size>39.</square_Size>
<FixAspectRatio>1.</FixAspectRatio>
<!-- flags:  +fix_aspectRatio +fix_principal_point +zero_tangent_dist -->
<flagValue>14</flagValue>
<Camera_Matrix type_id="opencv-matrix">
  <rows>3</rows>
  <cols>3</cols>
  <dt>d</dt>
  <data>
    3.7887346410920827e+02 0. 1.8750000000000000e+02 0.
    3.7887346410920827e+02 1.1950000000000000e+02 0. 0. 1.</data></Camera_Matrix>
<Distortion_Coefficients type_id="opencv-matrix">
  <rows>5</rows>
  <cols>1</cols>
  <dt>d</dt>
  <data>
    3.3283919679578715e+00 -5.0926770132254823e+01 0. 0.
    2.1531356231242836e+02</data></Distortion_Coefficients>
<Avg_Reprojection_Error>3.1380656674146672e+00</Avg_Reprojection_Error>
<Per_View_Reprojection_Errors type_id="opencv-matrix">
  <rows>19</rows>
  <cols>1</cols>
  <dt>f</dt>
  <data>
    5.10552502e+00 3.85290444e-01 1.83678913e+00 4.15748072e+00
    5.96664786e-01 6.15801632e-01 4.31989098e+00 8.94814551e-01
    5.34648371e+00 1.45987952e+00 4.11499691e+00 4.24108076e+00
    3.83058739e+00 3.21682310e+00 1.27037311e+00 8.89232159e-01
    3.73773360e+00 3.56833005e+00 5.15120983e-01</data></Per_View_Reprojection_Errors>
<!-- a set of 6-tuples (rotation vector + translation vector) for each view -->
<Extrinsic_Parameters type_id="opencv-matrix">
  <rows>19</rows>
  <cols>6</cols>
  <dt>d</dt>
  <data>
    -3.7964215632701148e-01 -8.3906150230236731e-02
    8.7931869824320608e-01 -4.3516613574963081e+01
    -2.7895656737917568e+02 2.3257124368188638e+03
    2.0024028437894184e-01 -4.1260776853438424e-01
    2.0683173014078812e-01 -2.5657539280510184e+02
    -1.7720675889513134e+02 1.0041480259648289e+03
    -8.3719768312719059e-02 -1.7620336517711560e-01
    1.5651827577498598e+00 1.5927231285254729e+02 8.4819880787917469e+01
    1.1336448826362860e+03 8.2380497864643698e-01 4.4954035841060058e-01
    1.3087188890574586e+00 5.6824784525065624e+01
    -1.9447397846281589e+02 7.9979606388649529e+02
    -3.4283753839214171e-02 -1.6254283698916144e-01
    1.4938729697488466e+00 1.8075641010851368e+02 3.0996630724121296e+01
    9.5985345958312826e+02 -1.9712773287586655e-01
    6.9978165707292178e-02 2.7055020435524585e-01
    -6.8516904824308440e+01 -1.7543395819219549e+02
    1.0750419165326089e+03 2.7549776079471083e-01 2.2693710313089108e-01
    1.0952029744764715e+00 5.4359767606638933e+01
    -5.1777160002474898e+02 2.7070562660351848e+03
    3.1768572367026743e-01 -1.5308953237642864e-01
    1.0414865724020252e+00 6.6632131555265616e+01
    -1.5163216312415909e+02 1.0849463489648078e+03
    -3.8511937171560495e-01 -4.8617929389597531e-01
    9.2889277667231951e-01 8.5359911562268039e+01
    -1.1535229245541861e+02 5.5533966337044092e+02
    -6.8964199990569885e-01 3.9497599583488601e-03
    -6.7104930324373313e-02 -9.8012556326058018e+01
    -1.3620767869286743e+02 5.3669970292780692e+02
    -5.3011606246524068e-01 -3.5990052903241171e-01
    -3.2497838118275224e-02 -3.4299822777848112e+02
    -2.9079351026328590e+02 2.0006920235882149e+03
    -1.7291149160438318e-01 6.2571289616136339e-02
    1.0086386898488078e+00 -2.2681320696936499e+01
    -4.8793842441403007e+02 2.7913603331108970e+03
    -8.2533710413606276e-01 7.2011316731181230e-01
    1.4093810672925391e+00 -1.3847631824531815e+01
    -7.0891602748580070e+01 1.1818642518022982e+03
    8.8078126895517278e-02 3.6526512552974294e-01
    -6.3623475041979793e-02 -1.3691108621338947e+02
    -8.2169153071831346e+01 1.2019200555472860e+03
    2.1711572726148942e-01 7.7479394615845798e-02 1.4194178791086214e+00
    -3.7616545015620986e+00 -5.1794872840198153e+01
    3.5564595255050318e+02 2.1184974094383524e-01 1.1198941822222831e-01
    1.4129742476585232e+00 -9.6076959416978891e+00
    -7.2618219151014856e+01 5.3834668248846810e+02
    4.0034482392918924e-01 -1.0804583631551321e+00
    -3.0954522098615639e-01 -5.8813224639754253e+02
    -3.4852898009870438e+02 1.8448548009887932e+03
    1.3939500624161080e-01 8.2487290331555363e-01 1.3473368591600547e+00
    6.1392913831696355e+01 -3.0598713137269471e+02
    2.0867713247573906e+03 -2.6695687145081859e-03
    1.2462038424337497e-01 1.4227537761832572e+00 1.0769153865987088e+01
    -1.0809872406730530e+02 7.5054652963295985e+02</data></Extrinsic_Parameters>
