<?xml version="1.0"?>
<opencv_storage>
<calibration_Time>"Wed Jul 24 13:46:29 2013"</calibration_Time>
<nrOfFrames>40</nrOfFrames>
<image_Width>376</image_Width>
<image_Height>240</image_Height>
<board_Width>4</board_Width>
<board_Height>4</board_Height>
<square_Size>39.</square_Size>
<FixAspectRatio>1.</FixAspectRatio>
<!-- flags:  +fix_aspectRatio +fix_principal_point +zero_tangent_dist -->
<flagValue>14</flagValue>
<Camera_Matrix type_id="opencv-matrix">
  <rows>3</rows>
  <cols>3</cols>
  <dt>d</dt>
  <data>
    1.9533242910550589e+02 0. 1.8750000000000000e+02 0.
    1.9533242910550589e+02 1.1950000000000000e+02 0. 0. 1.</data></Camera_Matrix>
<Distortion_Coefficients type_id="opencv-matrix">
  <rows>5</rows>
  <cols>1</cols>
  <dt>d</dt>
  <data>
    -2.6032633534970412e-01 4.2045081416728525e-02 0. 0.
    -2.5973166896406099e-03</data></Distortion_Coefficients>
<Avg_Reprojection_Error>3.2740887485087509e+00</Avg_Reprojection_Error>
<Per_View_Reprojection_Errors type_id="opencv-matrix">
  <rows>40</rows>
  <cols>1</cols>
  <dt>f</dt>
  <data>
    1.15173824e-01 6.43041086e+00 3.91939497e+00 3.53595066e+00
    4.48732567e+00 3.35653043e+00 8.43584165e-02 3.63283849e+00
    1.54822499e-01 3.73499489e+00 1.14708178e-01 3.42892432e+00
    5.54051876e+00 3.15839362e+00 4.14811516e+00 1.64275154e-01
    5.51165533e+00 8.82769451e-02 9.06276181e-02 3.50893903e+00
    4.43127823e+00 4.96221161e+00 5.30136490e+00 1.55828550e-01
    5.82994163e-01 2.44687629e+00 3.79305983e+00 4.25340557e+00
    1.00277059e-01 6.34412110e-01 1.73125610e-01 8.71562287e-02
    3.00209570e+00 3.51100373e+00 2.88714266e+00 1.07703352e+00
    5.85013294e+00 3.43985176e+00 1.82616398e-01 1.51490510e-01</data></Per_View_Reprojection_Errors>
<!-- a set of 6-tuples (rotation vector + translation vector) for each view -->
<Extrinsic_Parameters type_id="opencv-matrix">
  <rows>40</rows>
  <cols>6</cols>
  <dt>d</dt>
  <data>
    1.9854301228409654e-02 -1.4287365086901030e-01
    7.8007185496492340e-02 -1.4256350669456242e+02
    8.4716678707578936e+01 4.5670117616229714e+02 1.4884057417521807e-01
    -7.3338939263737846e-01 3.5829854605640593e-01
    -4.8769940030011213e+02 1.2065814041391960e+02
    4.8349142799615908e+02 1.6018123245629345e-01 2.3112028635341356e-02
    -4.4267439087119333e-03 -3.3962356899379733e+02
    -5.9977908984423884e+01 4.9788594867024415e+02
    1.7482282677739691e-01 -8.0996002321532021e-02
    1.5526789597834056e+00 -2.0660370287107443e+02
    -5.3515632543080187e+01 4.9369255462387133e+02
    2.2961446256964527e-01 1.0323020380589566e-01
    -3.2251931620227228e-02 -4.2075059611653836e+02
    -5.8603773533555575e+01 4.7020814364352174e+02
    4.4135173205146466e-03 -5.4363323022168042e-01
    2.1603162535234985e-01 -3.0450559305227199e+02
    1.2526705511450818e+02 4.0375772638901708e+02 1.1072675166172419e-01
    7.0546227983876178e-02 -4.1014765286260758e-03
    -6.0080225403764302e+01 -9.4927245324505975e+01
    5.1323759145719828e+02 1.6602770602532388e-01
    -3.4834808765648867e-01 -6.0542528129674686e-02
    2.3221321852623691e+02 -1.2237004740017886e+02
    4.6541743971565808e+02 5.2359219560217038e-02 1.7592725554686980e-01
    1.4174038958885906e-02 5.4024867616210294e+01
    -1.5257710430608668e+02 3.7637399364100196e+02
    1.9272933530592288e-02 1.8249551810984832e-01 1.0568459168737127e-02
    -4.2501896752774667e+02 -1.4715776679999815e+01
    5.0246668488714209e+02 8.9079502033356947e-02 6.8511785212703430e-02
    -1.3997833438901553e-02 -7.9698225829283558e+01
    -7.8571609735976608e+01 5.1683443305774642e+02
    5.7092807676173418e-02 2.4767138784993786e-01
    -3.2525714844312048e-02 -4.1247092947387131e+02
    -3.4497111581771531e-03 4.6865753486993310e+02
    2.5326289164146903e-01 8.0772458273443759e-02 1.0272946364410913e-01
    -5.0217865305175769e+02 4.2773532335889925e+01
    5.6313960563435307e+02 3.3940845624324784e-02 9.3507681604975995e-02
    -2.1265748497593807e-02 -2.9664549560003394e+02
    -5.3610317384550235e+01 5.2016921059192180e+02
    1.1821789973862247e-01 -4.2819430229551814e-01
    2.7155675597300227e-01 -3.2096232810588236e+02
    1.1657845307211343e+02 3.9811727133484425e+02 5.9628527281135137e-02
    -7.4108085847573626e-02 -1.3600693606079378e-02
    -2.4754474436042688e+02 -5.8509411795728425e+01
    5.1341531297905988e+02 1.6020826076398698e-01
    -3.3337298001027887e-01 2.9076453451982348e-01
    -3.7557061115266345e+02 1.0939192159062563e+02
    3.9418016412633165e+02 7.9816535725468110e-02 3.9772270809138914e-02
    -8.3422810146821270e-03 -1.2809100805837178e+02
    -6.8133319677817724e+01 5.1424771480752702e+02
    1.0647931002243122e-01 -1.1277458699047760e-02
    3.8910785679380803e-03 -8.8192499028082082e+01
    -1.0201165530544988e+02 5.0831089311599158e+02
    4.0549962312191079e-01 2.0809682250476630e-01
    -6.8592042080291335e-02 2.5052379750071123e+02
    -1.6736648969872547e+02 4.0270506594492446e+02
    6.1049708173211169e-02 -2.6140479611741563e-01
    -2.9105094975232563e-02 1.6928358132551037e+02
    -5.8699274695633569e+01 4.9791617334308097e+02
    5.5998193111015025e-02 -3.2521371518561282e-01
    1.9375101488102883e-01 -3.5979427164155686e+02
    1.2161111968045650e+02 4.1934959092381234e+02 1.4943869219509207e-01
    -2.9246080651767903e-01 2.0817618288480833e-01
    -5.7570846301276038e+02 1.6669355481226887e+02
    5.1367333491507509e+02 6.0323590254118299e-02
    -6.4778488246834118e-02 7.8210290157130727e-02
    -1.2611382557707275e+01 6.2748035809241117e+01
    4.6512818772926454e+02 -1.2689684035335222e-01
    -2.2812357284804669e-01 1.2048465346910539e-01
    -1.9549493557458274e+02 1.3261073023099993e+02
    4.4509896864766569e+02 5.7473932929882643e-01 4.0207582363406780e-01
    -1.5821288334107653e-01 2.2499513050317154e+02
    -1.9480193820078668e+02 3.4874889297414785e+02
    1.0973830588048367e-01 9.1553276336492462e-02 9.0189864555105768e-03
    -4.3271250302788417e+02 -2.6518098122798303e+01
    4.9814841306723787e+02 2.6855632167752463e-01 9.3029105225192921e-02
    1.5323774933304279e+00 -2.7630136962025148e+02
    -6.0779396287846005e+01 4.8234459964970870e+02
    9.2030026315385385e-02 -2.3704247967293181e-02
    3.6429849702131457e-03 -9.0281442183713438e+01
    -1.0109676198924180e+02 5.0940959807075888e+02
    -1.5096072600021504e-01 -2.6471146799153988e-01
    1.3215580729882928e-01 -2.3545542289104378e+02
    1.3205155273053703e+02 4.3117596497313508e+02
    -1.3315697544993632e-01 -9.8867496062459953e-02
    1.5334616102722243e+00 -1.1830699967670999e+02
    -1.2927503110024455e+02 3.8652670987498959e+02
    1.0639382623043502e-01 7.8986283640651994e-02 6.0811425558188095e-04
    -8.2695437113304351e+01 -8.8260014627300009e+01
    5.1508262408542441e+02 -1.1261397170714783e-01
    -3.3244359722595584e-01 1.6309136448129835e-01
    -2.7607908085020597e+02 1.3751712483183351e+02
    4.1797308617899893e+02 -7.7477809667390124e-02
    -2.1478017255846214e-02 -2.6392092215696404e-02
    2.4454959409151684e+02 -1.2916894204500124e+02
    4.4492055494644217e+02 2.9740423414912670e-01 1.0263599875243035e+00
    -1.8560759351830247e-01 2.6408239385525002e+02
    7.7927624977002424e+01 2.7518729306431453e+02
    -1.2937868683312106e-01 -6.9721762252712829e-02
    1.5394216964196803e+00 -1.5625918648732392e+02
    -5.7924795147194772e+01 5.2950370844592271e+02
    7.3316493388013076e-02 -2.8378500357169967e-01
    1.7783479214297152e-01 -5.7313357701345979e+02
    1.5414266247399445e+02 5.1693582614238449e+02 3.5534307642087659e-01
    8.7300123048516060e-02 -9.7973140795347163e-02
    2.4451385481786085e+02 -1.6555359325134950e+02
    3.8371207021742623e+02 6.5958443939413858e-02
    -6.7110143166765696e-02 -1.4760501335151411e-02
    -2.3683791930159660e+02 -5.3848514629185843e+01
    5.1320928257251876e+02 9.6847078653992835e-02 2.0306948627432003e-01
    -4.0531971980861878e-03 3.3525413537386491e+01
